er : 2.707143416008137
en : 2.1046866442375403
ar : 1.9560284797746654
st : 1.7604256317971991
te : 1.7526015178781003
de : 1.6117674673343245
in : 1.4005163915186605
et : 1.3926922775995618
an : 1.3692199358422659
tt : 1.204913543541194
ll : 1.1970894296220953
ra : 1.181441201783898
