r : 10.32258064516129
e : 9.35483870967742
a : 9.35483870967742
t : 7.096774193548387
n : 5.483870967741936
l : 5.483870967741936
s : 5.161290322580645
k : 5.161290322580645
i : 5.161290322580645
o : 4.193548387096775
m : 3.5483870967741935
g : 3.5483870967741935
