er : 3.614457831325301
är : 2.4096385542168677
ch : 2.4096385542168677
ka : 2.0080321285140563
ma : 2.0080321285140563
ig : 2.0080321285140563
ll : 2.0080321285140563
oc : 2.0080321285140563
de : 1.6064257028112447
et : 1.6064257028112447
an : 1.6064257028112447
vi : 1.6064257028112447
