vine : 1.4705882352941175
inet : 1.4705882352941175
full : 1.4705882352941175
fruk : 1.4705882352941175
rukt : 1.4705882352941175
nb채r : 1.4705882352941175
rlig : 1.4705882352941175
smak : 1.4705882352941175
osta : 1.4705882352941175
sl채p : 0.7352941176470588
l채pp : 0.7352941176470588
채pps : 0.7352941176470588
