och : 2.6455026455026456
vin : 1.5873015873015872
lig : 1.5873015873015872
ine : 1.0582010582010581
net : 1.0582010582010581
ima : 1.0582010582010581
eri : 1.0582010582010581
ful : 1.0582010582010581
ull : 1.0582010582010581
fru : 1.0582010582010581
ruk : 1.0582010582010581
ukt : 1.0582010582010581
